14
19
28
47
61
75
197
742
1104
1537
2208
2580
3684
4788
7385
7647
7909
31331
34285
34348
55604
62662
86935
93993
298320
694280
7385
7647
7909
14
19
28
47
61
75
197
742
1104
1537
2208
2580
3684
4788
14
19
28
1104
47
61
75
197
742
1537
14
19
28
47
742
61
75
197
14
19
742
28
47
61
75
197
14
19
28
47
61
742
75
197
14
19
28
47
61
75
197
742
14
19
28
47
61
75
197
742
14
19
742
28
47
61
75
197
14
19
28
47
61
75
197
742
1104
1537
2208
2580
3684
4788
7385
7647
7909
14
19
28
47
61
75
197
742
14
19
28
47
61
75
197
742
14
19
28
47
61
75
197
742
1104
1537
2208
2580
3684
4788
7385
7647
7909
